0.000000
0.000424
0.001782
0.005085
0.007938
0.008824
0.010384
0.011428
0.013182
0.013506
0.013592
0.013952
0.014578
0.014601
0.014642
0.016321
0.018591
0.018698
0.019649
0.020171
0.020746
0.020912
0.022300
0.022379
0.022403
0.022677
0.022774
0.023250
0.024162
0.024296
0.024394
0.024927
0.025336
0.025361
0.025522
0.026438
0.026902
0.026941
0.027449
0.027794
0.028605
0.028883
0.030048
0.030644
0.030683
0.030762
0.031073
0.031609
0.031732
0.031843
0.031878
0.032172
0.032270
0.032427
0.032436
0.032546
0.032824
0.032928
0.033458
0.034516
0.035451
0.037691
0.037924
0.038628
0.038861
0.039456
0.040586
0.040836
0.041185
0.043799
0.044771
0.045247
0.047193
0.048035
0.048683
0.049884
0.050370
0.050446
0.050768
0.052343
0.053391
0.053959
0.059053
0.062306
0.067871
0.068341
0.068795
0.073810
0.075056
0.080602
2300.475195
7718.118528
14877.800220
24012.353163
35007.398566
47603.410616
61344.122569
75459.322397
90124.860341
107219.494270
126236.614435
146590.306297
168854.957110
192069.899215
217489.169617
245652.717282
275546.296551
307230.770940
343176.505799
382571.445700
426205.837190
473944.284775
523925.856943
580686.698721
644480.218705
712171.588553
785036.027430
863975.358894
945649.346353
1028368.073926
