10.000000
11.000001
12.000002
13.000003
14.000005
15.000006
16.000008
17.000011
18.000013
19.000016
20.000018
21.000019
22.000022
23.000025
24.000029
25.000031
26.000032
27.000033
28.000032
29.000036
30.000037
31.000040
32.000043
33.000045
34.000047
35.000051
36.000054
37.000046
38.000044
39.000040
40.000042
41.000036
42.000040
43.000042
44.000046
45.000050
46.000047
47.000041
48.000039
49.000039
50.000042
51.000028
52.000026
53.000007
53.999993
54.999985
55.999969
56.999972
57.999950
58.999956
59.999954
60.999959
61.999955
62.999955
63.999902
64.999872
65.999837
66.999824
67.999695
68.999660
69.999604
70.999587
71.999413
72.999412
73.999369
74.999359
75.999331
76.999298
77.999222
78.999194
79.999101
80.999035
81.998993
82.998898
83.998886
84.998766
85.998724
86.998678
87.998553
88.998366
89.998322
90.997990
91.997594
92.997166
93.996369
94.995467
95.995199
96.994624
97.993535
98.992631
100.000000
99.000000
98.000000
97.000000
96.000000
95.000000
94.000000
93.000000
92.000000
91.000000
90.000000
89.000000
88.000000
87.000000
86.000000
85.000000
84.000000
83.000000
82.000000
81.000000
80.000000
79.000000
78.000000
77.000000
76.000000
75.000000
74.000000
73.000000
72.000000
