100000000.000000
99992319.170019
99991538.888157
99964542.102797
99939044.054872
99931826.109647
99912400.884189
99904081.421822
99877909.400802
99865229.733358
99871320.105151
99835376.505373
99830535.415076
99810255.274841
99793738.873003
99792634.010147
99791842.459924
99790069.256662
99796579.372589
99802676.742016
99807161.202746
99791673.074904
99791457.859152
99795388.213947
99796926.669955
99800618.218455
99801000.233677
99802042.031515
99800227.166509
99795730.087845
99796917.979571
99801828.324234
99795323.756444
99799074.088951
99792770.478292
99793642.057047
99774728.640133
99779113.824792
99778194.450357
99777621.104255
99777586.606401
99779023.092919
99779252.972340
99783238.482760
99784489.812050
99780116.756895
99783162.499723
99777530.657157
99780147.892713
99747803.867348
99748637.668442
99726606.517314
99716830.183894
99712081.655516
99715942.065591
99719142.817286
99716999.845875
99721074.674103
99725132.083883
99723049.346202
99726708.199359
99712513.203181
99694642.917937
99696511.797495
99688120.808513
99690763.329199
99635601.401193
99619100.733025
99621605.802173
99607953.682881
99610952.858292
99595174.129981
99592771.579459
99588688.293013
99589394.274266
99582860.400706
99576631.162092
99572237.350558
99556479.267388
99546334.921218
99549188.975896
99548747.816397
99545290.483219
99532779.670075
99485701.376823
99420179.040943
99397402.944021
99345262.794563
99330204.463026
99190700.714642
98770970.629081
10100000.000000
10100000.000000
10100000.000000
10100000.000000
10100000.000000
10100000.000000
10100000.000000
10100000.000000
10100000.000000
10100000.000000
10100000.000000
10100000.000000
10100000.000000
10100000.000000
10100000.000000
10100000.000000
10100000.000000
10100000.000000
10100000.000000
10100000.000000
10100000.000000
10100000.000000
10100000.000000
10100000.000000
10100000.000000
10100000.000000
