1000000.000000
999602.480551
999563.780258
998314.532340
997343.656938
997132.036660
996582.825563
996419.600386
995914.628865
995800.587404
995999.949948
995663.426338
995623.175235
995709.078182
995910.396991
996106.568420
996286.818265
996458.028088
996591.613130
996713.397159
996824.717468
996937.305885
997050.103998
997147.264413
997237.324237
997318.070431
997392.826936
997461.071964
997525.135129
997590.801793
997653.645483
997712.209239
997764.964639
997817.958577
997872.141680
997924.142315
998045.807306
998090.942440
998156.874882
998219.015738
998277.042914
998324.569853
998374.456924
998406.728967
998445.596959
998501.411506
998531.666311
998593.727956
998623.528639
998927.778895
998986.561698
999375.600854
999642.968702
999833.450186
999850.124885
999875.800654
999997.587768
1000001.580901
1000003.412528
1000108.491151
1000112.884769
1000438.167505
1000911.780327
1000955.283657
1001249.659614
1001272.285442
1003111.761996
1003913.507648
1003962.865341
1004693.897705
1004719.651424
1005583.524301
1005859.708716
1006216.689732
1006343.921521
1006817.261225
1007288.722664
1007674.562576
1008675.769290
1009420.223155
1009440.686408
1009639.272685
1010004.269419
1010904.205913
1014126.054698
1019359.215829
1021601.799411
1026749.626175
1028617.563604
1044792.371809
1112103.989243
100000.000000
100000.000000
100000.000000
100000.000000
100000.000000
100000.000000
100000.000000
100000.000000
100000.000000
100000.000000
100000.000000
100000.000000
100000.000000
100000.000000
100000.000000
100000.000000
100000.000000
100000.000000
100000.000000
100000.000000
100000.000000
100000.000000
100000.000000
100000.000000
100000.000000
100000.000000
