0.000000
0.000447
0.000529
0.002116
0.003717
0.004359
0.005700
0.006460
0.008231
0.009303
0.009339
0.011687
0.011944
0.013503
0.014880
0.015418
0.015921
0.016462
0.016532
0.016596
0.016724
0.017929
0.018310
0.018452
0.018707
0.018832
0.019123
0.019368
0.019759
0.020291
0.020512
0.020521
0.021138
0.021199
0.021796
0.022005
0.023282
0.023309
0.023614
0.023896
0.024144
0.024307
0.024530
0.024544
0.024697
0.025150
0.025201
0.025715
0.025785
0.027738
0.027924
0.029340
0.030110
0.030613
0.030651
0.030718
0.031066
0.031078
0.031083
0.031414
0.031433
0.032407
0.033588
0.033716
0.034391
0.034475
0.037664
0.038809
0.038940
0.039935
0.040040
0.041148
0.041546
0.042031
0.042259
0.042872
0.043469
0.043968
0.045076
0.045889
0.046009
0.046301
0.046751
0.047684
0.050469
0.054257
0.055795
0.058901
0.060059
0.067799
0.090035
5237.222138
16299.915591
28464.123334
42457.276834
59162.824920
77616.530038
97368.886378
119102.524617
143651.747429
170957.997150
202060.387732
236211.451947
272255.424689
313151.609007
358057.643646
404061.057003
452657.286407
504794.220435
558663.391226
616005.188743
676895.107956
739403.215486
803373.892426
870197.377680
939458.245635
1012563.785228
