0.000000
0.001414
0.002793
0.003742
0.004799
0.005098
0.005412
0.006204
0.009659
0.011569
0.012982
0.013626
0.014305
0.015028
0.015326
0.017259
0.017545
0.017969
0.018161
0.018469
0.018642
0.019183
0.019268
0.019476
0.019658
0.019683
0.020744
0.021758
0.022047
0.022105
0.022770
0.024074
0.024730
0.024813
0.025860
0.026012
0.026108
0.026558
0.027780
0.028129
0.028847
0.028992
0.030043
0.030269
0.030487
0.030809
0.031063
0.031107
0.031253
0.031275
0.031407
0.031723
0.032258
0.033998
0.034515
0.034986
0.035198
0.035941
0.035990
0.036478
0.036519
0.037230
0.038143
0.038340
0.038474
0.041116
0.041703
0.042205
0.042612
0.042790
0.044169
0.044949
0.045378
0.046471
0.047821
0.048934
0.049991
0.050063
0.050430
0.050956
0.052717
0.053452
0.054306
0.054361
0.056519
0.057456
0.057488
0.058441
0.059847
0.065854
0.083081
2216.586002
4812.817469
8815.513934
13256.377167
18131.290713
23086.670800
29049.843607
35933.504330
48424.623158
62358.695177
77770.906468
93359.418771
117565.123934
143004.677376
168697.109080
195773.057837
225684.690008
257251.143454
289575.685015
321906.190797
356927.981330
392016.327859
427870.889617
463770.174692
501416.498629
541380.397299
586465.401650
632015.125731
679349.623639
732897.268573
788068.375896
853888.106650
922233.939698
991335.165443
