100000000.000000
99997329.888950
99994466.869897
99992320.504526
99989729.501363
99988938.541297
99988052.191087
99985664.530387
99974605.822174
99968135.865406
99963084.811313
99960663.498310
99957978.172699
99954987.343523
99953697.954622
99944969.853068
99943627.919984
99941552.263942
99940575.033971
99938951.445899
99938012.010161
99934958.048236
99934458.225774
99933209.388904
99932077.736498
99931918.257478
99924925.403597
99918057.429667
99916039.735437
99915626.419445
99910742.129057
99900925.731501
99895865.335979
99895208.717811
99886730.758355
99885472.221632
99884661.689926
99880758.612296
99869946.007709
99866797.452047
99860167.844499
99858806.290331
99848716.642659
99846499.346136
99844323.500099
99841045.963547
99838415.147004
99837954.258649
99836385.166709
99836142.596110
99834675.705515
99831101.556505
99824963.957136
99804631.173126
99798497.255199
99792820.876680
99790220.072088
99780982.279604
99780358.159812
99774100.751074
99773578.853390
99764185.391166
99751964.738970
99749301.793666
99747456.040700
99710585.793920
99702274.600169
99695080.598935
99689162.233057
99686538.001431
99665982.628121
99654194.870246
99647645.638428
99630707.479349
99609527.538371
99591861.660636
99574869.294208
99573693.842933
99567654.116018
99558896.138857
99529223.452838
99516690.869094
99501961.655560
99501015.412662
99462954.447069
99446239.734612
99445660.406714
99428271.489926
99402357.409910
99290202.351317
98961590.866283
10100000.001144
10100000.000015
10100000.000003
10100000.000000
10100000.000000
10100000.000000
10100000.000000
10100000.000000
10100000.000000
10100000.000000
10100000.000000
10100000.000000
10100000.000000
10100000.000000
10100000.000000
10100000.000000
10100000.000000
10100000.000000
10100000.000000
10100000.000000
10100000.000000
10100000.000000
10100000.000000
10100000.000000
10100000.000000
10100000.000000
10100000.000000
10100000.000000
10100000.000000
10100000.000000
10100000.000000
10100000.000000
10100000.000000
10100000.000000
