100000.000000
109868.616916
119746.791059
129665.900116
139578.039274
149552.736435
159524.460127
169451.702399
179216.737737
189150.196816
199126.115848
209120.303152
219115.477465
229113.101901
239112.079210
249132.362803
259139.378115
269148.840783
279152.488321
289157.311397
299159.329184
309165.311874
319166.069678
329166.676812
339166.728061
349166.532662
359165.791475
369188.316099
379197.807440
389199.571371
399220.391521
409293.110745
419345.969962
429352.974893
439452.150294
449468.056257
459477.891345
469524.736805
479679.560218
489731.555626
499847.477152
509871.881364
520066.407805
530113.023431
540157.634305
550223.668876
560276.386122
570285.549935
580315.182364
590319.540617
600344.541969
610404.817978
620512.768774
630952.121301
641109.017847
651258.321120
661328.361321
671582.956686
681600.710007
691777.386795
701792.115928
712061.336141
722440.158980
732526.962403
742586.056920
753942.963987
764294.965909
774609.666523
784871.301545
794986.909297
805938.600828
816524.289930
826856.271153
837750.851136
848948.587456
860013.625633
871089.143319
881164.867005
891550.530318
902112.862588
914116.113550
925008.772178
936081.818666
946151.439109
959057.440572
970408.110973
980455.436200
991880.872045
1004082.621787
1025004.946063
1079509.392442
100000.000080
99999.999994
100000.000000
100000.000000
100000.000000
100000.000000
100000.000000
100000.000000
100000.000000
100000.000000
100000.000000
100000.000000
100000.000000
100000.000000
100000.000000
100000.000000
100000.000000
100000.000000
100000.000000
100000.000000
100000.000000
100000.000000
100000.000000
100000.000000
100000.000000
100000.000000
100000.000000
100000.000000
100000.000000
100000.000000
100000.000000
100000.000000
100000.000000
100000.000000
